2024-09-15 13:35:04,81.217,19444,81.782,0.993,20134,0,0,0,0,0,69.398,228071,209.699,0.488,344294,184.384,335980,204.177,0.903,352516
2024-09-15 13:40:24,77.225,19449,77.822,0.993,20140,0,0,0,0,0,65.494,228080,208.759,0.466,344308,193.387,335995,216.33,0.894,352533
2024-09-15 13:41:24,77.225,19449,77.822,0.993,20140,0,0,0,0,0,65.494,228080,208.759,0.466,344308,183.406,335999,203.626,0.901,352537
2024-09-15 13:42:24,77.578,19454,78.344,1,20144,0,0,0,0,0,64.815,228087,207.303,0.465,344318,183.567,336002,203.769,0.901,352540
2024-09-15 13:43:24,77.578,19454,78.344,1,20144,0,0,0,0,0,64.815,228087,207.303,0.465,344318,181.006,336005,201.219,0.9,352543
2024-09-15 13:44:24,77.578,19454,78.344,1,20144,0,0,0,0,0,64.815,228087,207.303,0.465,344318,184.767,336008,204.48,0.904,352547
2024-09-15 13:45:24,73.26,19458,74.5,0.983,20148,0,0,0,0,0,66.986,228094,210.203,0.473,344329,184.613,336011,204.639,0.902,352550
2024-09-15 13:46:24,73.26,19458,74.5,0.983,20148,0,0,0,0,0,68.814,228096,201.115,0.504,344332,182.959,336014,202.957,0.902,352553
2024-09-15 13:47:24,83.974,19460,84.782,0.991,20151,0,0,0,0,0,68.889,228099,193.669,0.519,344335,167.526,336017,185.176,0.905,352557
2024-09-15 13:48:23,83.974,19460,84.782,0.991,20151,0,0,0,0,0,68.889,228099,193.669,0.519,344335,169.248,336020,186.901,0.906,352560
2024-09-15 13:49:24,85.67,19463,86.436,0.991,20154,0,0,0,0,0,65.743,228103,194.638,0.5,344342,170.239,336022,187.97,0.906,352563
2024-09-15 13:50:24,84.886,19464,85.713,0.991,20155,0,0,0,0,0,80.163,228105,204.158,0.548,344345,178.858,336025,199.921,0.895,352566
2024-09-15 13:51:24,83.324,19466,84.073,0.992,20156,0,0,0,0,0,66.213,228107,193.611,0.502,344348,170.772,336028,188.722,0.905,352569
2024-09-15 13:52:24,83.324,19466,84.073,0.992,20156,0,0,0,0,0,66.213,228107,193.611,0.502,344348,168.829,336031,186.698,0.904,352573
2024-09-15 13:53:24,83.324,19466,84.073,0.992,20156,0,0,0,0,0,69.217,228112,194.293,0.521,344355,169.446,336034,187.113,0.906,352576
2024-09-15 13:55:12,78.653,19470,79.427,0.991,20160,0,0,0,0,0,69.065,228114,192.462,0.524,344358,170.027,336040,187.498,0.907,352582
2024-09-15 13:56:12,78.653,19470,79.427,0.991,20160,0,0,0,0,0,69.065,228114,192.462,0.524,344358,166.464,336042,183.42,0.908,352585
2024-09-15 13:57:11,77.58,19474,78.416,0.99,20164,0,0,0,0,0,69.518,228120,190.949,0.529,344368,166.159,336045,182.965,0.908,352588
2024-09-15 13:58:11,77.244,19475,78.123,1,20166,0,0,0,0,0,66.647,228123,193.875,0.507,344371,169.575,336048,186.772,0.908,352591
2024-09-15 13:59:11,80.375,19476,81.293,1,20167,0,0,0,0,0,66.142,228125,194.795,0.501,344374,169.291,336051,186.556,0.908,352594
2024-09-15 14:00:11,81.206,19478,82.034,0.99,20168,0,0,0,0,0,69.945,228127,200,0.516,344377,175.051,336054,192.158,0.911,352598
2024-09-15 14:01:11,81.347,19479,82.174,0.99,20170,0,0,0,0,0,69.945,228127,200,0.516,344377,173.986,336057,191.291,0.91,352601
2024-09-15 14:02:11,81.865,19480,82.652,0.991,20171,0,0,0,0,0,72.322,228132,204.105,0.517,344384,175.483,336059,192.742,0.911,352604
2024-09-15 14:03:11,82.325,19482,83.138,1,20172,0,0,0,0,0,72.178,228134,198.154,0.532,344387,173.327,336062,191.493,0.906,352607
2024-09-15 14:04:11,82.325,19482,83.138,1,20172,0,0,0,0,0,71.759,228136,197.758,0.532,344391,172.813,336065,189.741,0.911,352610
2024-09-15 14:05:11,82.325,19482,83.138,1,20172,0,0,0,0,0,71.759,228136,197.758,0.532,344391,173.889,336068,190.919,0.911,352614
2024-09-15 14:06:12,82.325,19482,83.138,1,20172,0,0,0,0,0,71.759,228136,197.758,0.532,344391,178.271,336071,195.169,0.914,352617
2024-09-15 14:07:11,76.879,19487,77.638,1,20178,0,0,0,0,0,74.279,228143,204.488,0.535,344401,176.923,336074,193.945,0.913,352620
2024-09-15 14:08:11,75.424,19488,76.137,1,20179,0,0,0,0,0,72.239,228145,204.269,0.524,344404,180.971,336077,197.955,0.914,352623
2024-09-15 14:09:11,75.424,19488,76.137,1,20179,0,0,0,0,0,72.239,228145,204.269,0.524,344404,182.191,336080,199.092,0.915,352626
2024-09-15 14:10:11,68.172,19491,68.96,0.989,20181,0,0,0,0,0,69.564,228150,204.75,0.507,344411,180.836,336083,197.67,0.915,352630
2024-09-15 14:11:11,79.411,19492,80.069,0.992,20183,0,0,0,0,0,69.004,228152,204.854,0.503,344415,177.473,336086,194.468,0.913,352633
2024-09-15 14:12:11,79.411,19492,80.069,0.992,20183,0,0,0,0,0,68.505,228155,203.745,0.501,344418,179.138,336089,196.03,0.914,352636
2024-09-15 14:13:12,79.411,19492,80.069,0.992,20183,0,0,0,0,0,68.505,228155,203.745,0.501,344418,175.78,336092,192.553,0.913,352640
2024-09-15 14:14:11,79.411,19492,80.069,0.992,20183,0,0,0,0,0,68.505,228155,203.745,0.501,344418,176.918,336095,193.543,0.914,352643
2024-09-15 14:15:11,79.411,19492,80.069,0.992,20183,0,0,0,0,0,68.505,228155,203.745,0.501,344418,175.592,336098,192.241,0.914,352646
2024-09-15 14:16:11,79.411,19492,80.069,0.992,20183,0,0,0,0,0,68.359,228164,194.221,0.523,344431,170.815,336101,187.605,0.911,352649
2024-09-15 14:17:11,79.411,19492,80.069,0.992,20183,0,0,0,0,0,68.359,228164,194.221,0.523,344431,168.491,336104,185.356,0.909,352652
2024-09-15 14:18:11,79.411,19492,80.069,0.992,20183,0,0,0,0,0,68.359,228164,194.221,0.523,344431,121.695,336106,125.735,0.968,352655
2024-09-15 14:19:11,79.411,19492,80.069,0.992,20183,0,0,0,0,0,68.359,228164,194.221,0.523,344431,123.649,336108,127.393,0.971,352657
2024-09-15 14:20:12,79.411,19492,80.069,0.992,20183,0,0,0,0,0,68.359,228164,194.221,0.523,344431,123.624,336110,127.381,0.971,352659
2024-09-15 14:21:11,79.411,19492,80.069,0.992,20183,0,0,0,0,0,57.806,228173,149.03,0.557,344445,123.768,336112,127.558,0.97,352661
2024-09-15 14:22:11,67.977,19505,69.258,0.983,20196,0,0,0,0,0,59.177,228175,145.494,0.59,344447,119.76,336114,123.559,0.969,352664
2024-09-15 14:23:12,67.977,19505,69.258,0.983,20196,0,0,0,0,0,59.177,228175,145.494,0.59,344447,116.356,336116,120.127,0.969,352666
2024-09-15 14:24:12,68.242,19507,69.386,0.989,20199,0,0,0,0,0,57.439,228178,142.057,0.579,344452,116.667,336118,120.435,0.969,352668
2024-09-15 14:25:12,68.242,19507,69.386,0.989,20199,0,0,0,0,0,57.439,228178,142.057,0.579,344452,121.708,336120,125.439,0.97,352670
2024-09-15 14:26:12,61.86,19510,63.077,1,20201,0,0,0,0,0,61.47,228181,148.242,0.593,344457,123.461,336122,127.038,0.972,352672
2024-09-15 14:27:12,59.808,19511,61.12,1,20202,0,0,0,0,0,61.139,228183,144.752,0.601,344459,122.55,336124,126.3,0.97,352674
2024-09-15 14:28:12,60.628,19512,61.907,0.981,20203,0,0,0,0,0,61.069,228184,144.113,0.607,344462,120.31,336127,124.059,0.97,352676
2024-09-15 14:29:12,60.628,19512,61.907,0.981,20203,0,0,0,0,0,61.069,228184,144.113,0.607,344462,120.336,336129,124.065,0.97,352678
2024-09-15 14:30:12,60.628,19512,61.907,0.981,20203,0,0,0,0,0,61.069,228184,144.113,0.607,344462,122.252,336131,126.021,0.97,352680
2024-09-15 14:31:12,60.987,19515,62.348,0.98,20206,0,0,0,0,0,61.681,228189,148.835,0.599,344469,124.799,336133,128.77,0.969,352682
2024-09-15 14:32:12,60.987,19515,62.348,0.98,20206,0,0,0,0,0,61.681,228189,148.835,0.599,344469,124.77,336135,128.677,0.97,352684
2024-09-15 14:33:12,60.987,19515,62.348,0.98,20206,0,0,0,0,0,61.681,228189,148.835,0.599,344469,126.781,336137,130.857,0.969,352687
2024-09-15 14:34:12,60.987,19515,62.348,0.98,20206,0,0,0,0,0,61.681,228189,148.835,0.599,344469,129.876,336139,133.841,0.97,352689
2024-09-15 14:35:12,60.987,19515,62.348,0.98,20206,0,0,0,0,0,61.681,228189,148.835,0.599,344469,126.062,336141,129.803,0.971,352691
2024-09-15 14:36:12,60.987,19515,62.348,0.98,20206,0,0,0,0,0,61.681,228189,148.835,0.599,344469,122.525,336143,126.116,0.972,352693
2024-09-15 14:37:12,73.383,19521,75.192,0.978,20213,0,0,0,0,0,62.038,228200,146.862,0.611,344484,125.461,336145,128.93,0.973,352695
2024-09-15 14:38:12,69.172,19523,71.188,0.975,20214,0,0,0,0,0,75.021,228202,155.529,0.636,344486,134.523,336147,149.215,0.904,352697
2024-09-15 14:39:12,69.172,19523,71.188,0.975,20214,0,0,0,0,0,75.021,228202,155.529,0.636,344486,134.396,336150,140.806,0.955,352700
2024-09-15 14:40:12,69.172,19523,71.188,0.975,20214,0,0,0,0,0,61.13,228205,149.808,0.599,344492,127.575,336152,130.477,0.978,352702
2024-09-15 14:41:12,73.896,19526,75.666,0.979,20218,0,0,0,0,0,58.693,228207,149.986,0.583,344494,126.373,336154,129.333,0.978,352704
2024-09-15 14:42:12,73.896,19526,75.666,0.979,20218,0,0,0,0,0,57.348,228209,152.246,0.567,344497,129.261,336156,132.255,0.978,352707
2024-09-15 14:43:12,70.517,19529,72.403,0.977,20220,0,0,0,0,0,58.859,228210,153.913,0.572,344499,130.005,336158,132.962,0.978,352709
2024-09-15 14:44:12,70.517,19529,72.403,0.977,20220,0,0,0,0,0,58.859,228210,153.913,0.572,344499,130.422,336160,133.426,0.978,352711
2024-09-15 14:45:12,70.517,19529,72.403,0.977,20220,0,0,0,0,0,58.859,228210,153.913,0.572,344499,129.844,336163,132.703,0.979,352713
2024-09-15 14:46:12,73.734,19532,74.97,0.985,20224,0,0,0,0,0,66.306,228216,155.155,0.602,344507,131.395,336165,135.347,0.971,352715
2024-09-15 14:47:12,74.136,19533,75.65,0.981,20225,0,0,0,0,0,65.378,228218,150.051,0.61,344510,127.292,336167,131.28,0.97,352718
2024-09-15 14:48:12,66.353,19534,67.746,0.981,20226,0,0,0,0,0,62.336,228219,148.425,0.59,344512,124.324,336169,128.688,0.967,352720
2024-09-15 14:49:12,68.161,19536,69.987,0.976,20227,0,0,0,0,0,62.634,228221,146.703,0.601,344514,122.062,336171,126.324,0.967,352722
2024-09-15 14:50:12,63.916,19537,65.639,0.975,20228,0,0,0,0,0,49.754,228223,150.266,0.476,344517,122.182,336173,126.405,0.967,352724
2024-09-15 14:51:12,63.916,19537,65.639,0.975,20228,0,0,0,0,0,49.754,228223,150.266,0.476,344517,122.182,336173,126.405,0.967,352724
2024-09-15 14:52:12,63.916,19537,65.639,0.975,20228,0,0,0,0,0,49.754,228223,150.266,0.476,344517,122.182,336173,126.405,0.967,352724
2024-09-15 14:53:12,63.916,19537,65.639,0.975,20228,0,0,0,0,0,49.754,228223,150.266,0.476,344517,122.182,336173,126.405,0.967,352724
2024-09-15 14:54:12,63.916,19537,65.639,0.975,20228,0,0,0,0,0,49.754,228223,150.266,0.476,344517,122.182,336173,126.405,0.967,352724
2024-09-15 14:55:12,63.916,19537,65.639,0.975,20228,0,0,0,0,0,49.754,228223,150.266,0.476,344517,122.182,336173,126.405,0.967,352724
2024-09-15 14:56:12,63.916,19537,65.639,0.975,20228,0,0,0,0,0,49.754,228223,150.266,0.476,344517,122.182,336173,126.405,0.967,352724
2024-09-15 14:57:12,63.916,19537,65.639,0.975,20228,0,0,0,0,0,49.754,228223,150.266,0.476,344517,122.182,336173,126.405,0.967,352724
2024-09-15 14:58:12,63.916,19537,65.639,0.975,20228,0,0,0,0,0,49.754,228223,150.266,0.476,344517,122.182,336173,126.405,0.967,352724
2024-09-15 14:59:12,63.916,19537,65.639,0.975,20228,0,0,0,0,0,49.754,228223,150.266,0.476,344517,122.182,336173,126.405,0.967,352724
2024-09-15 15:00:12,63.916,19537,65.639,0.975,20228,0,0,0,0,0,49.754,228223,150.266,0.476,344517,122.182,336173,126.405,0.967,352724
2024-09-15 15:01:12,63.916,19537,65.639,0.975,20228,0,0,0,0,0,49.754,228223,150.266,0.476,344517,122.182,336173,126.405,0.967,352724
2024-09-15 15:02:12,63.916,19537,65.639,0.975,20228,0,0,0,0,0,49.754,228223,150.266,0.476,344517,122.182,336173,126.405,0.967,352724
2024-09-15 15:03:12,63.916,19537,65.639,0.975,20228,0,0,0,0,0,49.754,228223,150.266,0.476,344517,72.31,336180,73.145,0.99,352731
2024-09-15 15:04:12,63.916,19537,65.639,0.975,20228,0,0,0,0,0,49.754,228223,150.266,0.476,344517,73.042,336181,73.892,0.99,352732
2024-09-15 15:05:12,63.916,19537,65.639,0.975,20228,0,0,0,0,0,49.754,228223,150.266,0.476,344517,73.154,336182,73.978,0.99,352733
2024-09-15 15:06:12,63.916,19537,65.639,0.975,20228,0,0,0,0,0,49.754,228223,150.266,0.476,344517,75.288,336183,76.23,0.989,352734
2024-09-15 15:07:12,63.916,19537,65.639,0.975,20228,0,0,0,0,0,49.754,228223,150.266,0.476,344517,74.386,336185,75.339,0.989,352736
2024-09-15 15:08:12,63.916,19537,65.639,0.975,20228,0,0,0,0,0,49.754,228223,150.266,0.476,344517,74.611,336186,75.575,0.989,352737
2024-09-15 15:09:12,63.916,19537,65.639,0.975,20228,0,0,0,0,0,49.754,228223,150.266,0.476,344517,74.373,336187,75.351,0.989,352738
2024-09-15 15:10:12,63.916,19537,65.639,0.975,20228,0,0,0,0,0,49.754,228223,150.266,0.476,344517,76.23,336188,77.151,0.99,352739
2024-09-15 15:11:12,63.916,19537,65.639,0.975,20228,0,0,0,0,0,49.754,228223,150.266,0.476,344517,74.902,336190,75.834,0.989,352741
2024-09-15 15:12:12,63.916,19537,65.639,0.975,20228,0,0,0,0,0,49.754,228223,150.266,0.476,344517,75.001,336191,75.938,0.989,352742
2024-09-15 15:13:12,63.916,19537,65.639,0.975,20228,0,0,0,0,0,49.754,228223,150.266,0.476,344517,74.972,336192,75.897,0.989,352743
2024-09-15 15:14:12,63.916,19537,65.639,0.975,20228,0,0,0,0,0,49.754,228223,150.266,0.476,344517,75.971,336193,76.871,0.99,352744
2024-09-15 15:15:12,63.916,19537,65.639,0.975,20228,0,0,0,0,0,49.754,228223,150.266,0.476,344517,77.371,336195,78.28,0.99,352746
2024-09-15 15:16:12,63.916,19537,65.639,0.975,20228,0,0,0,0,0,49.754,228223,150.266,0.476,344517,77.016,336196,77.96,0.99,352747
2024-09-15 15:17:12,63.916,19537,65.639,0.975,20228,0,0,0,0,0,49.754,228223,150.266,0.476,344517,76.85,336197,77.772,0.99,352748
2024-09-15 15:18:12,63.916,19537,65.639,0.975,20228,0,0,0,0,0,49.754,228223,150.266,0.476,344517,76.985,336198,77.904,0.99,352750
2024-09-15 15:19:12,63.916,19537,65.639,0.975,20228,0,0,0,0,0,49.754,228223,150.266,0.476,344517,75.242,336200,76.185,0.989,352751
2024-09-15 15:20:12,63.916,19537,65.639,0.975,20228,0,0,0,0,0,49.754,228223,150.266,0.476,344517,75.013,336201,75.907,0.99,352752
2024-09-15 15:21:12,63.916,19537,65.639,0.975,20228,0,0,0,0,0,49.754,228223,150.266,0.476,344517,75.092,336202,75.991,0.99,352754
2024-09-15 15:22:12,63.916,19537,65.639,0.975,20228,0,0,0,0,0,49.754,228223,150.266,0.476,344517,75.461,336203,76.374,0.99,352755
2024-09-15 15:23:12,63.916,19537,65.639,0.975,20228,0,0,0,0,0,49.754,228223,150.266,0.476,344517,75.442,336205,76.366,0.99,352756
2024-09-15 15:24:12,63.916,19537,65.639,0.975,20228,0,0,0,0,0,49.754,228223,150.266,0.476,344517,74.405,336206,75.348,0.99,352757
2024-09-15 15:25:12,63.916,19537,65.639,0.975,20228,0,0,0,0,0,49.754,228223,150.266,0.476,344517,74.523,336207,75.452,0.989,352759
2024-09-15 15:26:12,63.916,19537,65.639,0.975,20228,0,0,0,0,0,49.754,228223,150.266,0.476,344517,74.577,336209,75.473,0.99,352760
2024-09-15 15:27:12,63.916,19537,65.639,0.975,20228,0,0,0,0,0,49.754,228223,150.266,0.476,344517,75.53,336210,76.443,0.99,352761
2024-09-15 15:28:12,63.916,19537,65.639,0.975,20228,0,0,0,0,0,49.754,228223,150.266,0.476,344517,76.552,336211,77.444,0.99,352762
2024-09-15 15:29:12,63.916,19537,65.639,0.975,20228,0,0,0,0,0,49.754,228223,150.266,0.476,344517,76.19,336212,77.083,0.99,352764
2024-09-15 15:30:12,63.916,19537,65.639,0.975,20228,0,0,0,0,0,49.754,228223,150.266,0.476,344517,75.212,336213,76.102,0.99,352765
2024-09-15 15:31:12,63.916,19537,65.639,0.975,20228,0,0,0,0,0,49.754,228223,150.266,0.476,344517,74.447,336215,75.362,0.99,352766
2024-09-15 15:32:12,63.916,19537,65.639,0.975,20228,0,0,0,0,0,49.754,228223,150.266,0.476,344517,73.495,336216,74.475,0.99,352767
2024-09-15 15:33:12,63.916,19537,65.639,0.975,20228,0,0,0,0,0,49.754,228223,150.266,0.476,344517,72.312,336217,73.222,0.99,352769
2024-09-15 15:34:12,63.916,19537,65.639,0.975,20228,0,0,0,0,0,49.754,228223,150.266,0.476,344517,73.036,336218,73.933,0.99,352770
2024-09-15 15:35:12,63.916,19537,65.639,0.975,20228,0,0,0,0,0,49.754,228223,150.266,0.476,344517,74.861,336220,75.785,0.99,352771
2024-09-15 15:36:12,63.916,19537,65.639,0.975,20228,0,0,0,0,0,49.754,228223,150.266,0.476,344517,75.359,336221,76.25,0.99,352772
2024-09-15 15:37:12,63.916,19537,65.639,0.975,20228,0,0,0,0,0,49.754,228223,150.266,0.476,344517,74.68,336222,75.55,0.99,352774
2024-09-15 15:38:12,63.916,19537,65.639,0.975,20228,0,0,0,0,0,49.754,228223,150.266,0.476,344517,74.824,336223,75.693,0.99,352775
2024-09-15 15:39:12,63.916,19537,65.639,0.975,20228,0,0,0,0,0,49.754,228223,150.266,0.476,344517,74.885,336225,75.766,0.99,352776
2024-09-15 15:40:12,63.916,19537,65.639,0.975,20228,0,0,0,0,0,49.754,228223,150.266,0.476,344517,75.203,336226,76.033,0.993,352777
2024-09-15 15:41:13,63.916,19537,65.639,0.975,20228,0,0,0,0,0,49.754,228223,150.266,0.476,344517,74.789,336227,75.671,0.99,352779
2024-09-15 15:42:13,63.916,19537,65.639,0.975,20228,0,0,0,0,0,49.754,228223,150.266,0.476,344517,74.285,336228,75.155,0.99,352780
2024-09-15 15:43:12,63.916,19537,65.639,0.975,20228,0,0,0,0,0,49.754,228223,150.266,0.476,344517,73.417,336230,74.275,0.991,352781
2024-09-15 15:44:12,63.916,19537,65.639,0.975,20228,0,0,0,0,0,49.754,228223,150.266,0.476,344517,73.282,336231,74.135,0.991,352783
2024-09-15 15:45:12,63.916,19537,65.639,0.975,20228,0,0,0,0,0,49.754,228223,150.266,0.476,344517,74.859,336232,75.718,0.991,352784
2024-09-15 15:46:12,63.916,19537,65.639,0.975,20228,0,0,0,0,0,49.754,228223,150.266,0.476,344517,74.893,336233,75.765,0.99,352785
2024-09-15 15:47:12,63.916,19537,65.639,0.975,20228,0,0,0,0,0,49.754,228223,150.266,0.476,344517,79.552,336235,80.409,0.992,352787
2024-09-15 15:48:12,63.916,19537,65.639,0.975,20228,0,0,0,0,0,49.754,228223,150.266,0.476,344517,78.885,336236,79.757,0.991,352788
2024-09-15 15:49:12,63.916,19537,65.639,0.975,20228,0,0,0,0,0,49.754,228223,150.266,0.476,344517,77.69,336237,78.564,0.991,352789
2024-09-15 15:50:13,63.916,19537,65.639,0.975,20228,0,0,0,0,0,49.754,228223,150.266,0.476,344517,76.786,336238,77.694,0.991,352790
2024-09-15 15:51:12,63.916,19537,65.639,0.975,20228,0,0,0,0,0,49.754,228223,150.266,0.476,344517,77.134,336240,78.03,0.991,352792
2024-09-15 15:52:12,63.916,19537,65.639,0.975,20228,0,0,0,0,0,49.754,228223,150.266,0.476,344517,75.009,336241,75.913,0.99,352793
2024-09-15 15:53:12,63.916,19537,65.639,0.975,20228,0,0,0,0,0,49.754,228223,150.266,0.476,344517,75.377,336242,76.28,0.99,352794
2024-09-15 15:54:12,63.916,19537,65.639,0.975,20228,0,0,0,0,0,49.754,228223,150.266,0.476,344517,75.883,336244,76.752,0.991,352795
2024-09-15 15:55:12,63.916,19537,65.639,0.975,20228,0,0,0,0,0,49.754,228223,150.266,0.476,344517,76.044,336245,76.985,0.989,352797
2024-09-15 15:56:12,63.916,19537,65.639,0.975,20228,0,0,0,0,0,49.754,228223,150.266,0.476,344517,76.445,336246,77.334,0.991,352798
2024-09-15 15:57:12,63.916,19537,65.639,0.975,20228,0,0,0,0,0,49.754,228223,150.266,0.476,344517,76.562,336247,77.449,0.991,352799
2024-09-15 15:58:12,63.916,19537,65.639,0.975,20228,0,0,0,0,0,49.754,228223,150.266,0.476,344517,77.548,336249,78.448,0.991,352801
2024-09-15 15:59:12,63.916,19537,65.639,0.975,20228,0,0,0,0,0,49.754,228223,150.266,0.476,344517,75.448,336250,76.341,0.99,352802
2024-09-15 16:00:12,63.916,19537,65.639,0.975,20228,0,0,0,0,0,49.754,228223,150.266,0.476,344517,75.049,336251,75.925,0.991,352803
2024-09-15 16:01:12,63.916,19537,65.639,0.975,20228,0,0,0,0,0,49.754,228223,150.266,0.476,344517,74.884,336252,75.744,0.991,352804
2024-09-15 16:02:13,63.916,19537,65.639,0.975,20228,0,0,0,0,0,49.754,228223,150.266,0.476,344517,75.044,336254,75.894,0.991,352806
2024-09-15 16:03:12,63.916,19537,65.639,0.975,20228,0,0,0,0,0,49.754,228223,150.266,0.476,344517,76.479,336255,77.306,0.991,352807
2024-09-15 16:04:12,63.916,19537,65.639,0.975,20228,0,0,0,0,0,49.754,228223,150.266,0.476,344517,75.935,336256,76.819,0.99,352808
2024-09-15 16:05:12,63.916,19537,65.639,0.975,20228,0,0,0,0,0,49.754,228223,150.266,0.476,344517,76.127,336257,76.944,0.991,352809
2024-09-15 16:06:12,63.916,19537,65.639,0.975,20228,0,0,0,0,0,49.754,228223,150.266,0.476,344517,75.918,336259,76.741,0.991,352811
2024-09-15 16:07:12,63.916,19537,65.639,0.975,20228,0,0,0,0,0,49.754,228223,150.266,0.476,344517,75.484,336260,76.302,0.991,352812
2024-09-15 16:08:12,63.916,19537,65.639,0.975,20228,0,0,0,0,0,49.754,228223,150.266,0.476,344517,74.394,336261,75.231,0.991,352813
2024-09-15 16:09:12,63.916,19537,65.639,0.975,20228,0,0,0,0,0,49.754,228223,150.266,0.476,344517,74.158,336263,75.007,0.991,352815
2024-09-15 16:10:13,63.916,19537,65.639,0.975,20228,0,0,0,0,0,49.754,228223,150.266,0.476,344517,74.562,336264,75.418,0.991,352816
2024-09-15 16:11:13,63.916,19537,65.639,0.975,20228,0,0,0,0,0,49.754,228223,150.266,0.476,344517,74.642,336265,75.498,0.991,352817
2024-09-15 16:12:13,63.916,19537,65.639,0.975,20228,0,0,0,0,0,49.754,228223,150.266,0.476,344517,75.611,336266,76.457,0.991,352818
2024-09-15 16:13:13,63.916,19537,65.639,0.975,20228,0,0,0,0,0,49.754,228223,150.266,0.476,344517,74.743,336267,75.57,0.991,352820
2024-09-15 16:14:12,63.916,19537,65.639,0.975,20228,0,0,0,0,0,49.754,228223,150.266,0.476,344517,75.977,336269,76.794,0.992,352821
2024-09-15 16:15:13,63.916,19537,65.639,0.975,20228,0,0,0,0,0,49.754,228223,150.266,0.476,344517,75.671,336270,76.554,0.991,352822
2024-09-15 16:19:25,63.916,19537,65.639,0.975,20228,0,0,0,0,0,49.754,228223,150.266,0.476,344517,74.395,336275,75.287,0.991,352827
2024-09-15 16:20:25,63.916,19537,65.639,0.975,20228,0,0,0,0,0,49.754,228223,150.266,0.476,344517,75.593,336276,76.456,0.991,352828
2024-09-15 16:21:25,63.916,19537,65.639,0.975,20228,0,0,0,0,0,49.754,228223,150.266,0.476,344517,78.049,336278,78.896,0.992,352830
2024-09-15 16:22:25,63.916,19537,65.639,0.975,20228,0,0,0,0,0,49.754,228223,150.266,0.476,344517,77.746,336279,78.522,0.992,352831
2024-09-15 16:23:25,63.916,19537,65.639,0.975,20228,0,0,0,0,0,49.754,228223,150.266,0.476,344517,78.78,336280,79.566,0.992,352832
2024-09-15 16:24:25,63.916,19537,65.639,0.975,20228,0,0,0,0,0,49.754,228223,150.266,0.476,344517,77.782,336281,78.534,0.993,352834
2024-09-15 16:25:25,63.916,19537,65.639,0.975,20228,0,0,0,0,0,49.754,228223,150.266,0.476,344517,74.486,336283,75.298,0.992,352835
2024-09-15 16:26:25,63.916,19537,65.639,0.975,20228,0,0,0,0,0,49.754,228223,150.266,0.476,344517,74.397,336284,75.2,0.992,352836
2024-09-15 16:27:25,63.916,19537,65.639,0.975,20228,0,0,0,0,0,49.754,228223,150.266,0.476,344517,74.238,336285,75.053,0.992,352837
2024-09-15 16:28:26,63.916,19537,65.639,0.975,20228,0,0,0,0,0,49.754,228223,150.266,0.476,344517,74.72,336286,75.553,0.992,352839
2024-09-15 16:29:25,63.916,19537,65.639,0.975,20228,0,0,0,0,0,49.754,228223,150.266,0.476,344517,74.931,336288,75.734,0.992,352840
2024-09-15 16:30:25,63.916,19537,65.639,0.975,20228,0,0,0,0,0,49.754,228223,150.266,0.476,344517,79.427,336289,80.22,0.993,352841
2024-09-15 16:31:25,63.916,19537,65.639,0.975,20228,0,0,0,0,0,49.754,228223,150.266,0.476,344517,77.921,336290,78.691,0.993,352843
2024-09-15 16:32:25,63.916,19537,65.639,0.975,20228,0,0,0,0,0,49.754,228223,150.266,0.476,344517,78.161,336292,78.957,0.993,352844
2024-09-15 16:33:25,63.916,19537,65.639,0.975,20228,0,0,0,0,0,49.754,228223,150.266,0.476,344517,78.58,336293,79.39,0.992,352845
2024-09-15 16:34:25,63.916,19537,65.639,0.975,20228,0,0,0,0,0,49.754,228223,150.266,0.476,344517,0,336294,0,1,352846
2024-09-15 16:35:25,0,19537,0,1,20229,0,0,0,0,0,0,228223,0,1,344518,0,336294,0,1,352846
2024-09-15 16:36:25,0,19537,0,1,20229,0,0,0,0,0,0,228223,0,1,344518,0,336294,0,1,352846
2024-09-15 16:37:25,0,19537,0,1,20229,0,0,0,0,0,0,228223,0,1,344518,86.601,336294,86.824,0.997,352846
2024-09-15 16:38:26,0,19537,0,1,20229,0,0,0,0,0,0,228223,0,1,344518,86.601,336294,86.824,0.997,352846
2024-09-15 16:39:25,0,19537,0,1,20229,0,0,0,0,0,0,228223,0,1,344518,86.601,336294,86.824,0.997,352846
2024-09-15 16:40:25,0,19537,0,1,20229,0,0,0,0,0,0,228223,0,1,344518,86.601,336294,86.824,0.997,352846
2024-09-15 16:41:25,0,19537,0,1,20229,0,0,0,0,0,0,228223,0,1,344518,86.601,336294,86.824,0.997,352846
2024-09-15 16:42:25,0,19537,0,1,20229,0,0,0,0,0,0,228223,0,1,344518,90.817,336301,91.293,0.995,352853
2024-09-15 16:43:25,83.122,19543,85.637,0.972,20236,0,0,0,0,0,0,228223,0,1,344518,90.817,336301,91.293,0.995,352853
2024-09-15 16:44:25,79.972,19545,81.035,0.987,20237,0,0,0,0,0,70.31,228233,175.008,0.564,344534,116.359,336305,117.976,0.988,352857
2024-09-15 16:45:25,76.681,19546,77.777,0.986,20238,0,0,0,0,0,68.078,228235,179.598,0.54,344537,124.031,336307,126.303,0.983,352859
2024-09-15 16:46:25,75.847,19547,76.958,0.986,20239,0,0,0,0,0,69.781,228237,181.426,0.549,344540,125.158,336309,127.282,0.985,352861
2024-09-15 16:47:25,78.904,19548,79.944,0.987,20241,0,0,0,0,0,73.135,228240,183.557,0.568,344543,129.403,336311,131.466,0.985,352863
2024-09-15 16:48:25,76.876,19550,77.899,0.987,20242,0,0,0,0,0,73.876,228242,183.704,0.574,344546,128.434,336313,130.45,0.986,352865
2024-09-15 16:49:25,76.876,19550,77.899,0.987,20242,0,0,0,0,0,73.876,228242,183.704,0.574,344546,128.4,336315,130.355,0.986,352867
2024-09-15 16:50:25,79.083,19552,80.324,0.985,20245,0,0,0,0,0,78.466,228246,187.859,0.593,344552,131.972,336317,133.972,0.986,352870
2024-09-15 16:51:25,78.571,19554,79.841,0.984,20246,0,0,0,0,0,78.6,228248,187.319,0.595,344555,131.443,336320,133.429,0.986,352872
2024-09-15 16:52:25,78.298,19555,79.569,0.984,20247,0,0,0,0,0,77.513,228250,187.193,0.587,344558,129.345,336322,131.262,0.987,352874
2024-09-15 16:53:25,78.362,19556,79.691,0.984,20249,0,0,0,0,0,77.928,228252,184.94,0.599,344561,129.012,336324,130.813,0.988,352876
2024-09-15 16:54:25,81.275,19558,82.539,0.985,20250,0,0,0,0,0,79.302,228254,186.275,0.604,344565,131.374,336326,133.222,0.988,352878
2024-09-15 16:55:25,81.961,19559,83.284,0.984,20251,0,0,0,0,0,79.37,228257,193.038,0.593,344568,135.675,336328,137.596,0.987,352881
2024-09-15 16:56:25,85.073,19560,86.316,0.986,20253,0,0,0,0,0,80.891,228259,189.637,0.614,344571,136.449,336331,138.416,0.987,352883
2024-09-15 16:57:25,78.52,19562,79.937,0.983,20254,0,0,0,0,0,80.685,228261,189.883,0.61,344574,134.163,336333,136.266,0.985,352885
2024-09-15 16:58:25,80.842,19563,82.366,0.982,20255,0,0,0,0,0,76.142,228263,185.707,0.587,344577,134.139,336335,136.212,0.986,352888
2024-09-15 16:59:25,80.689,19564,82.029,0.984,20257,0,0,0,0,0,75.933,228265,185.972,0.585,344580,129.652,336337,131.887,0.984,352890
2024-09-15 17:00:25,76.556,19566,77.533,0.987,20258,0,0,0,0,0,82.428,228268,181.593,0.668,344583,131.929,336339,134.261,0.984,352892
2024-09-15 17:01:25,76.556,19566,77.533,0.987,20258,0,0,0,0,0,82.428,228268,181.593,0.668,344583,123.739,336341,124.948,0.99,352894
2024-09-15 17:02:25,81.785,19568,82.699,0.989,20261,0,0,0,0,0,65.332,228272,177.797,0.545,344589,125.832,336344,127.069,0.99,352896
2024-09-15 17:03:25,81.706,19570,82.637,0.989,20262,0,0,0,0,0,64.442,228274,178.017,0.535,344592,127.439,336346,128.691,0.99,352898
2024-09-15 17:04:25,81.706,19570,82.637,0.989,20262,0,0,0,0,0,64.442,228274,178.017,0.535,344592,126.314,336348,127.65,0.99,352901
2024-09-15 17:05:25,82.833,19572,83.897,0.987,20265,0,0,0,0,0,62.716,228277,168.566,0.564,344598,126.828,336350,128.192,0.989,352903
2024-09-15 17:06:26,82.833,19572,83.897,0.987,20265,0,0,0,0,0,62.716,228277,168.566,0.564,344598,126.21,336352,127.483,0.99,352905
2024-09-15 17:07:26,82.833,19572,83.897,0.987,20265,0,0,0,0,0,62.716,228277,168.566,0.564,344598,129.756,336354,131.402,0.988,352907
2024-09-15 17:08:25,82.833,19572,83.897,0.987,20265,0,0,0,0,0,62.716,228277,168.566,0.564,344598,129.677,336356,131.378,0.987,352909
2024-09-15 17:09:25,82.833,19572,83.897,0.987,20265,0,0,0,0,0,62.716,228277,168.566,0.564,344598,129.97,336358,131.636,0.987,352911
2024-09-15 17:10:25,90.659,19580,92.112,0.984,20273,0,0,0,0,0,57.48,228287,165.084,0.529,344612,128.793,336361,130.47,0.987,352913
2024-09-15 17:11:25,86.838,19581,88.308,0.984,20274,0,0,0,0,0,57.527,228289,164.087,0.535,344615,122.981,336363,124.569,0.987,352916
2024-09-15 17:15:11,88.812,19584,90.418,0.983,20277,0,0,0,0,0,57.171,228293,163.053,0.538,344621,121.257,336369,123.072,0.985,352922
2024-09-15 17:16:11,88.812,19584,90.418,0.983,20277,0,0,0,0,0,57.171,228293,163.053,0.538,344621,121.607,336373,123.252,0.987,352926
2024-09-15 17:17:12,84.922,19590,85.95,0.988,20283,0,0,0,0,0,57.171,228293,163.053,0.538,344621,119.775,336375,121.314,0.987,352928
2024-09-15 17:18:11,86.344,19592,87.417,0.988,20285,0,0,0,0,0,57.171,228293,163.053,0.538,344621,116.464,336377,118.024,0.987,352930
2024-09-15 17:19:11,86.344,19592,87.417,0.988,20285,0,0,0,0,0,57.171,228293,163.053,0.538,344621,116.415,336379,118.004,0.987,352932
2024-09-15 17:20:11,86.344,19592,87.417,0.988,20285,0,0,0,0,0,57.171,228293,163.053,0.538,344621,114.416,336381,116.043,0.986,352934
2024-09-15 17:21:11,86.344,19592,87.417,0.988,20285,0,0,0,0,0,55.919,228308,157.972,0.528,344642,115.012,336383,116.716,0.985,352936
2024-09-15 17:22:11,86.344,19592,87.417,0.988,20285,0,0,0,0,0,55.919,228308,157.972,0.528,344642,115.012,336383,116.716,0.985,352936
2024-09-15 17:23:11,86.344,19592,87.417,0.988,20285,0,0,0,0,0,53.943,228311,152.926,0.534,344647,110.89,336386,112.517,0.986,352940
2024-09-15 17:24:11,90.026,19600,91.495,0.984,20293,0,0,0,0,0,55.416,228313,150.871,0.549,344650,112.067,336388,113.751,0.985,352942
2024-09-15 17:25:11,90.026,19600,91.495,0.984,20293,0,0,0,0,0,54.009,228315,156.882,0.518,344652,113.484,336390,115.027,0.987,352943
2024-09-15 17:26:11,90.026,19600,91.495,0.984,20293,0,0,0,0,0,54.009,228315,156.882,0.518,344652,114.302,336392,115.799,0.987,352946
2024-09-15 17:27:11,90.026,19600,91.495,0.984,20293,0,0,0,0,0,54.009,228315,156.882,0.518,344652,113.231,336394,114.775,0.987,352947
2024-09-15 17:28:11,90.026,19600,91.495,0.984,20293,0,0,0,0,0,54.009,228315,156.882,0.518,344652,112.227,336396,113.773,0.987,352950
2024-09-15 17:29:11,88.363,19608,89.896,0.983,20301,0,0,0,0,0,57.957,228322,146.636,0.584,344662,108.977,336398,110.454,0.987,352951
2024-09-15 17:30:11,88.363,19608,89.896,0.983,20301,0,0,0,0,0,57.641,228324,146.477,0.59,344665,107.43,336400,108.873,0.987,352953
2024-09-15 17:31:11,86.659,19611,88.081,0.984,20304,0,0,0,0,0,57.641,228324,146.477,0.59,344665,109.028,336401,110.539,0.987,352955
2024-09-15 17:32:11,86.659,19611,88.081,0.984,20304,0,0,0,0,0,57.641,228324,146.477,0.59,344665,108.117,336403,109.585,0.987,352957
2024-09-15 17:33:12,86.659,19611,88.081,0.984,20304,0,0,0,0,0,57.641,228324,146.477,0.59,344665,108.753,336405,110.178,0.988,352958
2024-09-15 17:34:12,86.659,19611,88.081,0.984,20304,0,0,0,0,0,57.641,228324,146.477,0.59,344665,106.785,336407,108.124,0.988,352961
2024-09-15 17:35:12,86.659,19611,88.081,0.984,20304,0,0,0,0,0,57.641,228324,146.477,0.59,344665,106.401,336409,107.826,0.987,352962
2024-09-15 17:36:11,81.107,19617,82.213,0.987,20310,0,0,0,0,0,57.641,228324,146.477,0.59,344665,104.788,336411,106.126,0.988,352964
2024-09-15 17:37:11,81.107,19617,82.213,0.987,20310,0,0,0,0,0,57.641,228324,146.477,0.59,344665,104.703,336412,106.06,0.988,352966
2024-09-15 17:38:12,81.107,19617,82.213,0.987,20310,0,0,0,0,0,57.641,228324,146.477,0.59,344665,105.771,336414,107.135,0.988,352968
2024-09-15 17:39:12,81.107,19617,82.213,0.987,20310,0,0,0,0,0,57.641,228324,146.477,0.59,344665,108.267,336416,109.588,0.988,352969
2024-09-15 17:40:12,81.107,19617,82.213,0.987,20310,0,0,0,0,0,57.641,228324,146.477,0.59,344665,108.015,336418,109.346,0.988,352971
2024-09-15 17:41:12,81.107,19617,82.213,0.987,20310,0,0,0,0,0,57.641,228324,146.477,0.59,344665,107.569,336419,108.892,0.988,352973
2024-09-15 17:42:11,81.107,19617,82.213,0.987,20310,0,0,0,0,0,57.641,228324,146.477,0.59,344665,111.843,336421,113.124,0.989,352975
2024-09-15 17:43:12,81.107,19617,82.213,0.987,20310,0,0,0,0,0,57.641,228324,146.477,0.59,344665,114.984,336423,117.021,0.983,352977
2024-09-15 17:44:12,81.107,19617,82.213,0.987,20310,0,0,0,0,0,57.641,228324,146.477,0.59,344665,118.358,336425,120.517,0.982,352979
2024-09-15 17:45:12,81.107,19617,82.213,0.987,20310,0,0,0,0,0,57.641,228324,146.477,0.59,344665,119.634,336427,121.674,0.983,352981
2024-09-15 17:46:12,81.107,19617,82.213,0.987,20310,0,0,0,0,0,57.641,228324,146.477,0.59,344665,116.365,336429,118.313,0.984,352983
2024-09-15 17:47:12,81.107,19617,82.213,0.987,20310,0,0,0,0,0,57.641,228324,146.477,0.59,344665,109.787,336431,111.651,0.983,352985
2024-09-15 17:48:12,81.107,19617,82.213,0.987,20310,0,0,0,0,0,57.641,228324,146.477,0.59,344665,109.704,336433,111.591,0.983,352987
2024-09-15 17:49:12,81.107,19617,82.213,0.987,20310,0,0,0,0,0,57.641,228324,146.477,0.59,344665,110.32,336434,112.138,0.984,352988
2024-09-15 17:50:12,81.107,19617,82.213,0.987,20310,0,0,0,0,0,57.641,228324,146.477,0.59,344665,112.5,336436,114.222,0.985,352990
2024-09-15 17:51:12,81.107,19617,82.213,0.987,20310,0,0,0,0,0,57.641,228324,146.477,0.59,344665,111.862,336438,113.523,0.985,352992
2024-09-15 17:52:12,81.107,19617,82.213,0.987,20310,0,0,0,0,0,57.641,228324,146.477,0.59,344665,112.787,336440,114.44,0.986,352994
2024-09-15 17:53:12,81.107,19617,82.213,0.987,20310,0,0,0,0,0,57.641,228324,146.477,0.59,344665,112.749,336442,114.37,0.986,352996
2024-09-15 17:54:14,81.107,19617,82.213,0.987,20310,0,0,0,0,0,57.641,228324,146.477,0.59,344665,112.749,336442,114.37,0.986,352996
2024-09-15 17:55:35,81.107,19617,82.213,0.987,20310,0,0,0,0,0,57.641,228324,146.477,0.59,344665,112.749,336442,114.37,0.986,352996
2024-09-15 19:54:37,76.508,19647,77.417,0.988,20341,0,0,0,0,0,76.566,228372,237.573,0.471,344736,117.444,336772,122.126,0.962,353334
2024-09-15 19:55:37,76.508,19647,77.417,0.988,20341,0,0,0,0,0,76.566,228372,237.573,0.471,344736,116.219,336774,121.022,0.96,353336
2024-09-15 19:56:37,76.508,19647,77.417,0.988,20341,0,0,0,0,0,76.566,228372,237.573,0.471,344736,118.968,336776,123.748,0.961,353338
2024-09-15 19:57:37,76.508,19647,77.417,0.988,20341,0,0,0,0,0,76.566,228372,237.573,0.471,344736,118.545,336778,123.184,0.962,353340
2024-09-15 19:58:37,76.508,19647,77.417,0.988,20341,0,0,0,0,0,76.566,228372,237.573,0.471,344736,119.46,336780,124.083,0.963,353342
2024-09-15 19:59:38,76.508,19647,77.417,0.988,20341,0,0,0,0,0,76.566,228372,237.573,0.471,344736,117.716,336782,122.438,0.961,353344
2024-09-15 20:00:37,76.508,19647,77.417,0.988,20341,0,0,0,0,0,76.566,228372,237.573,0.471,344736,117.716,336782,122.438,0.961,353344
2024-09-15 20:01:38,76.508,19647,77.417,0.988,20341,0,0,0,0,0,76.566,228372,237.573,0.471,344736,116.736,336786,121.621,0.96,353348
2024-09-15 20:02:38,76.508,19647,77.417,0.988,20341,0,0,0,0,0,76.566,228372,237.573,0.471,344736,116.724,336788,121.748,0.959,353350
2024-09-15 20:03:37,76.508,19647,77.417,0.988,20341,0,0,0,0,0,76.566,228372,237.573,0.471,344736,116.286,336790,121.23,0.959,353352
2024-09-15 20:04:38,76.508,19647,77.417,0.988,20341,0,0,0,0,0,76.566,228372,237.573,0.471,344736,117.781,336792,122.613,0.961,353354
2024-09-15 20:05:38,76.508,19647,77.417,0.988,20341,0,0,0,0,0,76.566,228372,237.573,0.471,344736,121.424,336794,126.228,0.962,353356
2024-09-15 20:06:37,76.508,19647,77.417,0.988,20341,0,0,0,0,0,76.566,228372,237.573,0.471,344736,120.624,336796,125.422,0.962,353358
2024-09-15 20:07:38,76.508,19647,77.417,0.988,20341,0,0,0,0,0,76.566,228372,237.573,0.471,344736,119.3,336798,124.163,0.961,353361
